10
2
2
2
2
2
2
2
2
2
2
2
2
2
2
8
0
14
14
14
14
14
14
14
14
14
14
14
14
14
14
1
0
14
14
14
14
14
14
14
14
14
14
14
14
14
14
1
0
14
14
14
14
14
14
14
14
14
14
14
14
14
14
1
0
14
14
14
14
14
14
14
14
14
14
14
14
14
14
1
0
14
14
14
14
14
14
14
14
14
14
14
14
14
14
1
0
14
14
14
14
14
14
14
14
14
14
14
14
14
14
1
0
14
14
14
14
14
14
14
14
6
3
3
4
14
14
1
0
14
14
14
14
14
14
14
14
1
12
12
0
14
14
1
0
14
14
14
14
14
14
14
14
1
12
12
0
14
14
1
0
14
14
14
14
14
14
14
14
7
2
2
5
14
14
1
0
14
14
14
14
14
14
14
14
14
14
14
14
14
14
1
0
14
14
14
14
14
14
14
14
14
14
14
14
14
14
1
0
14
14
14
14
14
14
14
14
14
14
14
14
14
14
1
0
14
14
14
14
14
14
14
14
14
14
14
14
14
14
1
0
14
14
14
14
14
14
14
14
14
14
14
14
14
14
1
0
14
14
14
14
14
14
14
14
14
14
14
14
14
14
1
0
14
14
14
14
14
14
14
14
14
14
14
14
14
14
1
0
14
14
14
14
14
14
14
14
14
14
14
14
14
14
1
0
14
14
14
14
14
14
14
14
14
14
14
14
14
14
1
0
14
14
14
14
14
14
14
14
14
14
14
14
14
14
1
0
14
14
14
14
14
14
14
14
14
14
14
14
14
14
1
0
14
14
14
14
14
14
14
14
14
14
14
14
14
14
1
0
14
14
14
14
14
14
14
14
14
14
14
14
14
14
1
0
14
14
14
14
14
14
14
14
14
14
14
14
14
14
1
0
14
14
14
14
14
14
14
14
14
14
14
14
14
14
1
0
14
14
14
14
14
14
14
14
14
14
14
14
14
14
1
0
14
14
14
14
14
14
14
14
14
14
14
14
14
14
1
0
14
14
14
14
14
14
14
14
14
14
14
14
14
14
1
0
14
14
14
14
14
14
14
14
14
14
14
14
14
14
1
3
3
3
3
3
3
3
3
3
3
3
3
3
3
3
9
