2
2
2
2
2
2
2
2
2
2
2
2
2
2
2
8
0
13
14
14
14
14
14
14
14
14
14
14
14
14
14
1
0
14
14
14
14
14
13
13
13
13
14
13
14
14
14
1
0
14
14
14
14
14
13
14
14
14
14
13
14
14
14
1
0
14
14
13
13
14
14
14
14
14
14
14
14
13
14
1
0
14
14
13
6
3
3
4
14
13
13
14
14
14
14
1
0
14
13
13
1
12
12
0
14
14
14
14
14
14
14
1
0
14
14
14
1
12
12
0
14
14
14
14
14
14
14
1
0
13
14
14
7
2
2
5
14
13
14
14
13
13
14
1
0
14
13
14
14
14
13
14
14
13
14
13
13
14
14
1
0
14
14
14
14
13
14
14
14
13
13
13
14
14
14
1
0
14
14
14
14
13
14
14
13
13
13
13
14
14
14
1
0
14
13
14
14
13
14
14
14
14
14
14
13
14
14
1
0
14
14
13
14
14
14
13
13
14
14
14
13
14
13
1
0
14
14
13
14
13
14
13
14
14
14
14
13
13
14
1
0
13
14
13
14
14
14
14
14
14
13
13
13
14
13
1
0
14
14
14
14
14
14
13
14
14
14
14
14
14
14
1
0
14
14
14
14
14
14
13
14
13
14
14
14
13
14
1
0
14
14
13
14
14
14
14
13
14
14
14
14
14
14
1
0
14
14
14
14
14
14
6
3
3
4
14
14
14
14
1
0
13
14
13
13
13
14
1
12
12
0
13
13
14
14
1
0
14
14
14
13
13
14
1
12
12
0
14
14
13
14
1
0
14
14
14
14
14
14
1
12
12
0
14
13
14
13
1
0
14
13
14
13
14
14
7
2
2
5
14
14
13
14
1
0
14
14
14
14
14
14
13
13
13
14
14
14
14
14
1
0
13
14
14
14
14
14
14
14
14
14
14
13
14
14
1
0
14
14
14
14
14
14
14
14
14
14
14
14
14
14
1
0
14
14
14
14
13
14
14
14
13
14
14
14
14
14
1
0
14
14
14
14
14
14
14
13
14
14
14
14
14
14
1
0
14
14
14
13
14
14
14
14
14
14
14
13
13
14
1
11
3
3
3
3
3
3
3
3
3
3
3
3
3
3
9
